0|41
518385  100
550452  90
600770  80
194044  90
295315  90
127640  50
192496  90
531386  80
123025  90
147073  80
137915  90
497792  90
459622  90
392726  90
70896  100
507010  90
113323  50
554099  100
205234  90
507696  90
453488  90
450906  90
22757  90
438303  0
159248  100
277277  90
94522  0
26137  70
120328  90
175835  90
131263  90
578821  90
452599  50
180037  90
592747  70
461814  90
9101  90
522229  0
608376  90
325346  90
323933  100
1|229
205234  90
112273  90
119154  90
255153  90
270248  90
173094  90
75445  90
569179  90
375693  90
25311  90
371598  90
402723  90
248550  90
196203  90
207030  90
546722  90
79902  90
567726  90
390355  90
210226  90
490684  90
21931  90
591590  90
440749  90
616649  90
23521  90
234212  90
541988  90
283541  90
497792  90
489371  90
383195  90
10843  90
528144  90
153809  90
97762  90
294427  90
454436  90
288560  90
491757  90
190019  90
445735  90
200053  90
158948  90
213829  90
322770  90
263294  90
124428  90
517718  90
569785  90
47888  90
197656  90
56970  90
191809  90
410606  90
40476  90
507010  90
199439  90
55629  90
580720  90
113017  90
482069  90
173301  90
147073  80
454149  90
440901  90
39975  90
123601  80
34947  90
219322  90
181079  90
540934  90
46759  90
392726  90
192496  90
225587  90
504528  90
185665  90
275261  90
235250  90
146781  90
189820  90
134437  90
227064  90
185095  90
199467  90
363219  90
259552  90
120328  90
453396  90
137915  90
558154  90
514730  90
179785  90
567378  90
428598  90
136867  90
614243  90
67136  90
550452  90
507696  90
398037  90
477870  90
22757  90
481274  90
566644  90
195167  90
46539  90
325936  90
112642  90
344617  90
261386  90
457583  90
466895  90
323933  90
460065  90
123260  90
186098  90
587636  90
436056  90
230673  90
288340  90
349771  90
583222  90
70896  90
257310  90
161901  90
297989  90
196852  90
95689  90
140118  90
41693  90
280245  90
205871  90
324045  90
381411  90
74262  90
516754  90
463859  90
451800  90
503258  90
417011  90
502177  90
578821  90
219179  90
491417  90
75757  90
318345  90
548098  90
188078  90
248699  90
111411  90
532569  90
423102  90
490754  90
493655  90
361313  90
577309  90
318901  90
56437  90
1996  90
176588  90
457354  90
2255  90
568182  90
310379  90
543790  90
105502  90
574204  90
431048  90
142979  90
254519  90
304287  90
238223  90
85222  90
534596  90
249902  90
387522  90
248089  90
71149  90
556366  90
131721  90
349250  90
123025  90
620594  90
354153  90
34525  90
102328  90
18260  90
366723  90
539126  90
521369  90
153097  90
224051  90
237610  90
156663  90
235966  90
194044  90
492607  90
397543  90
556458  90
546992  90
359811  90
129462  90
622325  90
18519  90
532453  90
623778  90
327881  90
19106  90
180037  90
488803  90
397620  90
131263  90
442074  90
288237  90
393059  80
470248  90
408557  90
325346  90
295315  90
601402  90
182140  90
269414  90
222533  90
121743  90
459622  90
425182  90
418175  90