1|1
56437 90
3|1
290303 90
4|2
164263 60
434455 60
15|1
70267 0
26|1
622325 90
27|1
90840 0
29|1
28621 50
37|3
617644 30
252038 0
17628 83
46|1
75757 90
49|1
160620 90
53|1
388433 50
59|1
25311 90
68|2
530521 70
202070 50
69|1
131721 50
70|2
314883 90
501784 90
73|1
271215 0
86|2
52265 70
508194 30
128|1
132786 70
133|1
185665 90
151|8
165538 0
300265 100
119449 0
286330 0
140654 0
247916 0
565606 100
493006 0
162|1
267201 90
164|1
123025 90
180|1
117158 90
183|1
340873 90
190|1
107126 90
191|4
332817 80
130183 100
205575 90
45838 0
201|9
2442 0
399371 0
443385 0
329864 70
501834 0
355419 70
418703 70
175747 50
56024 0
205|2
165039 0
453127 0
206|1
487577 80
213|13
333104 100
158126 90
234490 90
231767 90
25390 90
198243 90
189768 100
354614 90
132794 90
46141 100
199830 90
605726 90
11376 90
214|1
196049 50
216|2
6268 90
517288 50
220|1
306988 90
246|2
161269 0
263739 0
254|1
330442 0
263|2
448162 50
61247 90
265|1
393059 70
266|4
572736 60
447228 75
128799 50
74739 0
278|4
491301 30
46163 30
531846 30
354105 0
280|1
148116 90
283|9
378824 0
484689 0
342874 0
58701 0
63443 30
524480 30
235896 0
9398 0
198781 0
297|1
275495 90
300|1
513714 100
306|1
443186 30
309|1
405897 70
310|1
111280 0
316|1
107642 30
321|2
117158 90
459520 90
327|1
22757 90
329|1
619114 90
330|1
497420 90
341|1
488032 80
350|6
423417 70
346340 50
542647 70
165483 70
71709 0
546276 70
372|12
336177 0
170261 0
98900 0
369189 0
92490 0
6811 0
167161 0
357754 100
87299 0
481630 0
147946 0
480701 0
373|1
253653 90
384|1
446619 90
386|1
377211 0
389|1
327995 70
404|1
504185 90
420|1
28621 90
421|1
290592 50
422|3
399861 0
65529 0
513475 90
427|1
610099 72
430|1
521065 0
438|3
411359 100
475331 100
135304 100
439|1
526178 90
442|3
385181 90
352276 90
450739 90
452|1
82199 100
453|1
457583 50
464|1
411921 0
477|1
112642 90
482|1
482904 90
489|1
460065 90
510|1
580986 70
537|1
400725 50
542|1
454727 0
545|1
207612 90
546|2
614243 30
156992 0
550|1
239617 0
563|1
316999 0
565|1
143469 50
580|1
531386 80
582|1
147073 80
590|1
189820 90
595|1
416967 70
607|4
502977 100
280747 0
222114 100
283290 100
611|1
282465 0
625|16
81768 70
316489 100
351236 100
237046 0
517948 90
337556 90
432169 70
414357 90
606797 0
610345 100
1757 80
475743 90
138919 100
199439 0
123592 100
94174 70
632|1
347366 70
634|1
56160 90
639|1
146781 90
646|1
375693 90
647|1
597590 30
651|1
387522 90
683|1
382871 90
689|1
583898 90
697|1
470817 100
698|8
17823 0
545999 90
603567 0
587581 0
388664 0
482851 0
577296 0
250692 0
726|1
300030 70
732|1
541988 50
735|6
412112 0
6786 0
34051 0
616278 0
496970 0
450063 0
743|1
66367 100
763|1
213607 50
764|1
36870 80
765|1
470288 50
766|1
129717 90
767|1
346457 70
770|7
551852 0
552527 0
541044 0
527849 0
277930 0
418310 0
539746 90
772|1
507010 90
779|1
303578 0
781|3
551711 90
235109 30
253207 50
792|1
617763 70
797|1
329606 90
798|2
283332 37
154265 0
801|1
339944 90
817|1
277277 90
819|1
165213 90
822|1
142874 0
825|1
511455 0
832|4
358294 0
196431 0
73920 0
547546 0
833|1
175835 70
839|1
476631 90
841|1
149616 90
843|1
591590 90
852|3
13107 90
216575 90
411217 70
853|1
521323 0
856|1
169623 0
868|1
617646 90
873|1
47528 70
875|2
312612 30
529650 70
902|2
440853 0
54929 0
904|1
541988 90
911|7
28873 50
128489 0
479308 0
24019 30
504666 50
225581 50
505800 50
924|5
528308 0
128885 0
173992 0
162138 0
90752 0
928|1
457825 90
930|1
293842 0
938|1
192600 70
948|1
280580 90
949|1
488760 0
957|1
569554 30
958|2
174690 90
115480 90
961|1
17562 0
963|1
618770 90
966|1
601402 0
969|1
335682 50
978|5
345832 0
244537 0
378160 0
305812 42
186901 78
985|2
97621 50
84830 50
1001|4
433166 70
368884 90
559276 0
479735 70
1004|3
53442 90
68729 70
264754 50
1008|1
23124 90
1014|1
611720 70
1028|1
467740 30
1030|1
589768 50
1041|1
433232 90
1069|1
13886 90
1081|1
285175 0
1086|1
622325 90
1091|1
147073 80
1095|11
69729 0
207595 0
153097 0
330334 0
594831 0
554600 0
358007 0
172019 0
442843 0
126628 0
85770 0
1116|1
145352 0
1118|2
221055 70
227064 50
1121|3
26884 90
406171 30
300487 50
1131|2
75675 60
256941 50
1144|1
412254 60
1145|1
123601 80
1173|4
206744 90
23306 90
443234 70
293029 30
1192|1
567202 0
1198|1
602548 0
1202|2
83946 100
367506 100
1214|1
441687 70
1216|1
6539 90
1230|1
419748 80
1241|1
411221 90
1262|1
131263 90
1272|7
153041 70
618218 50
512933 70
192038 90
291367 70
401200 90
605771 90
1275|1
92348 70
1289|1
159592 90
1291|1
195167 90
1301|17
521729 0
490216 50
619697 50
338377 50
309857 50
56714 50
140957 50
290158 30
477773 0
530461 30
131850 50
332442 0
39515 30
127200 0
157145 70
622256 0
549893 0
1311|1
433169 70
1316|1
582591 80
1318|1
438228 90
1320|3
383361 50
331002 30
295437 50
1337|1
285132 70
1339|15
413193 0
624040 0
96921 0
505997 0
145805 0
571735 0
248797 0
313317 0
532628 0
222633 0
149212 90
51500 0
303114 0
141639 0
276220 90
1345|1
208930 50
1351|1
393059 90
1358|1
559818 50
1359|1
118977 30
1376|4
302711 90
537534 70
115793 90
40460 90
1377|1
111280 80
1381|1
538610 0
1387|1
135606 90
1395|1
169586 90
1406|2
142136 0
556271 0
1413|1
254519 90
1420|1
509945 90
1439|1
182140 90
1451|2
601033 30
540699 0
1460|2
94548 90
198185 0
1462|1
531386 80
1479|1
558887 50
1483|1
444724 90
1495|1
212016 90
1502|3
269661 83
374173 85
107825 85
1517|4
44756 50
161439 30
361965 90
571260 90
1522|1
100188 90
1528|1
267723 90
1531|6
153068 50
114024 57
390438 79
265517 68
356869 33
608107 67
1547|1
64205 100
1552|1
512043 100
1554|1
228988 90
1555|2
137550 0
404259 90
1559|1
410504 90
1565|1
390355 90
1570|1
452599 90
1571|3
555289 0
238157 90
111170 90
1589|1
84061 70
1599|1
111280 80
1606|1
56437 90
1616|1
304981 90
1621|1
320262 0
1622|1
528380 30
1627|1
507010 90
1632|2
554515 0
320175 90
1642|1
41693 50
1644|3
223336 70
365335 0
167225 70
1645|4
496944 50
269228 90
517572 70
489428 0
1655|3
100587 50
192876 90
200671 30
1664|1
563935 90
1665|1
254519 10
1667|1
405341 50
1673|1
569820 90
1696|1
131222 100
1699|1
102328 90
1700|1
101126 30
1703|2
455357 60
98718 30
1712|2
112886 0
342695 90
1714|1
516892 50
1721|4
92446 90
520031 70
161155 30
416560 50
1722|2
159097 0
419168 0
1725|1
63894 0
1727|1
67719 0
1729|1
393059 90
1732|2
306988 0
520935 0
1739|1
103119 90
1743|1
43570 70
1746|1
208930 90
1758|1
375996 0
1760|1
343269 50
1765|3
532740 30
481354 30
324436 50
1773|1
573036 50
1774|1
323933 90
1783|1
135304 90
1798|1
459622 90
1800|1
213829 90
1807|2
450075 70
611500 70
1819|1
592747 90
1824|1
111280 0
1827|2
573276 90
498301 90
1831|1
342874 90
1833|7
505816 100
434878 0
572268 0
410780 0
430240 0
163105 0
365771 0
1839|1
623375 30
1849|1
115722 90
1852|1
544099 70
1856|1
250962 30
1859|2
209357 30
541988 90
1867|1
399337 70
1874|1
592506 30
1877|1
194717 70
1885|2
215524 50
458785 0
1889|1
262951 0
1916|2
500595 50
161509 20
1933|2
318723 0
618108 0
1934|1
210226 90
1937|1
242634 0
1945|1
194112 0
1947|1
444960 78
1948|2
112642 0
306291 0
1951|1
573838 0
1955|2
97508 30
4283 50
1966|1
192496 90
1974|1
17413 87
1985|1
336740 37
1986|2
555202 0
240254 30
1996|1
414408 0
2021|2
517226 90
499437 90
2024|1
432452 90
2027|1
143359 90
2028|3
316669 50
471761 50
4671 0
2029|1
461814 90
2035|4
144650 0
227564 0
367062 30
415358 30
2042|1
598985 90
2045|2
596241 70
325346 90
2051|1
406012 0
2056|1
360208 90
2075|1
49885 70
2090|1
19470 90
2094|2
136969 65
304783 0
2119|4
231036 100
229825 100
41550 100
621292 100
2127|8
342825 70
325346 0
182345 70
63778 30
308837 50
363070 50
562541 50
352178 90
2140|1
547340 90
2148|1
195644 0
2151|1
131837 90
2158|1
222310 0
2162|1
228988 90
2165|1
82251 70
2169|1
449086 89
2193|5
265784 0
30920 0
377987 0
49519 0
394397 0
2194|1
181079 70
2199|1
597331 90
2210|7
152237 0
387196 0
440230 0
255602 0
583461 0
43417 50
122933 0
2220|1
536673 70
2226|2
474788 50
79307 30
2242|1
127918 0
2254|1
264632 0
2258|1
131721 90
2269|1
269414 90
2280|1
91186 0
2281|1
33131 70
2284|1
370411 0
2288|1
381767 30
2290|1
418175 90
2291|1
454149 90
2305|1
61188 90
2309|1
256190 90
2313|1
613497 0
2315|1
167137 90
2318|2
211401 50
372017 50
2322|1
173460 70
2345|1
533274 90
2362|2
589203 0
345388 90
2365|2
364897 50
490197 30
2378|1
270248 90
2381|1
275261 90
2385|1
182321 100
2394|5
465612 0
122840 90
574757 0
116861 0
439029 0
2395|2
374119 90
343775 0
2398|1
489154 90
2420|1
423102 90
2428|2
518888 50
578901 70
2435|8
491371 50
276721 50
405706 90
175680 0
372185 90
265875 70
398085 70
54723 50
2436|1
540934 50
2439|1
488500 90
2440|1
13124 30
2450|1
356044 0
2451|1
82547 0
2456|1
23014 0
2466|2
172274 70
377707 0
2468|2
113017 90
225587 90
2471|1
275261 90
2474|1
155522 0
2477|1
459410 90
2480|1
441595 90
2482|1
80890 0
2486|1
460065 70
2496|1
484497 80
2498|3
97754 50
530082 90
537008 70
2523|1
355076 0
2537|1
97508 90
2542|1
596729 90
2548|1
109606 90
2563|1
498673 0
2566|2
464042 90
461379 90
2575|1
526110 70
2580|1
356985 0
2581|2
195547 50
106493 50
2585|1
527506 0
2598|1
614925 90
2603|1
131263 90
2608|5
565565 0
601788 30
443532 30
357831 30
452836 30
2609|1
460056 50
2613|1
425002 70
2614|1
202894 70
2617|1
559314 0
2618|1
520788 50
2633|2
169525 0
113757 50
2651|1
378269 70
2653|1
44650 30
2656|1
444400 90
2661|1
29280 0
2662|1
478593 85
2676|1
21244 70
2687|2
563791 0
500232 0
2689|6
551350 100
289142 100
413125 90
421226 90
386991 90
447103 90
2696|1
189820 90
2697|2
560582 100
93311 100
2714|1
608376 90
2717|1
535759 50
2721|1
423102 90
2723|1
506996 70
2725|1
241905 90
2730|1
197833 70
2748|1
410641 90
2756|1
320045 0
2757|3
528702 90
468028 70
191797 90
2760|2
456425 50
40902 70
2765|2
623219 30
452599 90
2769|1
203238 50
2770|1
236611 45
2777|1
32330 0
2781|1
524470 90
2785|1
474057 100
2792|2
5024 70
474307 90
2800|1
17730 0
2804|1
34204 70
2806|1
503939 90
2809|2
450855 0
140753 90
2815|1
258148 0
2817|1
349388 30
2819|1
406596 0
2820|1
340873 0
2827|1
263294 90
2840|1
187245 50
2846|1
516575 90
2852|1
535864 81
2855|6
552658 0
416294 0
258855 0
464083 90
586295 0
257412 0
2857|2
18260 0
134835 90
2860|1
411221 0
2866|1
308402 90
2876|1
111942 100
2882|1
154265 80
2883|1
303031 0
2885|2
217196 0
34149 70
2892|17
181079 0
439739 90
428290 90
580032 90
143322 0
515976 0
21340 90
208428 90
1540 90
65973 90
619109 90
310069 90
109205 90
291567 0
75987 90
37156 90
438728 90
2901|1
617732 30
2907|1
331586 0
2912|1
37659 100
2914|1
251074 0
2916|1
286877 70
2923|2
264277 90
22757 70
2932|5
310942 0
403424 90
381687 90
4716 90
422254 30
2936|1
216110 0
2952|2
38069 70
160716 30
2965|1
484771 90
2967|1
597557 100
2985|1
544071 90
2991|2
329345 50
5575 0
2999|2
296987 50
312415 0
3002|1
377412 90
3005|3
376131 50
41789 0
442380 0
3009|1
123434 0
3023|1
162563 50
3024|24
455178 0
310103 0
353971 30
461668 0
291479 0
286143 0
341517 0
46901 0
586521 0
437519 30
452407 0
410763 0
458280 0
621368 0
90447 0
488658 0
246475 0
174229 0
395569 0
3671 0
473382 0
542937 0
419087 0
437730 0
3036|1
56437 90
3061|2
308552 90
28428 50
3064|1
440901 90
3081|1
417246 50
3088|1
149157 90
3099|1
4283 70
3113|1
139960 90
3119|3
357541 0
395145 0
342366 0
3128|1
285411 0
3130|5
520555 0
36051 0
610815 0
299663 0
328827 70
3138|1
551631 0
3142|1
74696 90
3144|2
276035 90
267369 30
3155|2
267846 70
588556 30
3159|1
33691 50
3160|1
265141 100
3181|1
13274 70
3196|1
270248 90
3197|1
472381 90
3200|7
175056 36
392251 0
396336 75
4303 70
21875 83
232379 78
37944 50
3223|2
343041 90
92820 90
3228|2
383051 50
618099 90
3235|2
494685 70
582896 0
3238|1
523223 80
3239|1
569179 90
3245|3
286943 50
61954 30
301474 50
3248|1
589856 90
3250|1
528144 90
3255|3
298171 9
514710 100
337187 0
3257|1
17806 90
3259|2
516485 90
142411 90
3265|1
123025 90
3277|2
136380 90
131663 90
3282|3
467596 90
78765 90
583088 90
3283|1
520242 70
3284|1
185043 0
3287|1
112273 50
3294|3
247726 0
324436 100
401023 100
3296|2
540045 30
457551 70
3300|1
154265 80
3305|1
182507 90
3324|1
55345 90
3326|1
55345 40
3329|1
531386 80
3339|1
131901 0
3356|1
228988 90
3367|1
155522 0
3369|1
192118 50
3375|6
240422 0
469589 90
12853 0
178213 0
411152 90
6006 90
3380|2
386964 90
112560 70
3382|1
263744 70
3387|1
375690 50
3393|1
436056 90
3401|1
21931 90
3407|7
286650 100
108821 20
129207 100
369434 100
105295 50
604316 39
208307 90
3409|1
143359 90
3410|5
169479 90
452955 70
240015 90
40081 70
253675 90
3429|1
538823 0
3440|1
502196 0
3462|1
333797 70
3480|4
119505 0
22557 100
449357 90
36870 0
3484|2
197010 70
317350 50
3487|1
478414 100
3495|2
143743 30
74262 50
3506|2
255346 70
334616 50
3508|1
460056 100
3511|1
6981 90
3515|1
609834 0
3524|1
219365 90
3528|1
392096 90
3537|1
17863 80
3542|1
197833 70
3544|1
116047 90
3553|2
56522 0
8703 0
3555|1
9101 90
3556|1
275261 90
3563|1
233344 0
3566|2
407415 0
366839 0
3572|1
413774 90
3574|2
238516 30
600969 30
3582|2
68958 70
95990 90
3585|1
16061 70
3597|1
268750 0
3611|1
292130 0
3612|6
233048 70
195821 50
96267 70
491484 60
518970 90
118558 50
3614|2
507237 0
367184 30
3620|1
523223 0
3621|1
542818 90
3622|1
436056 0
3623|1
90125 0
3637|2
223234 90
470288 90
3642|1
514904 0
3643|5
305549 70
473697 70
79236 90
96821 50
437127 50
3660|3
355696 0
146397 0
266626 0
3664|1
523223 80
3675|1
536133 90
3683|2
514710 90
235966 90
3686|1
223717 100
3695|15
424137 0
13731 0
567378 0
293081 0
195144 0
206424 0
136273 0
482979 0
39598 0
69875 0
207030 0
308213 0
431886 0
199387 0
213265 0
3700|1
206576 50
3703|1
489371 90
3705|1
369645 90
3711|1
22566 90
3713|2
64614 70
473873 70
3717|1
48909 0
3733|5
450160 30
225132 90
461591 9
376542 70
448162 60
3737|2
168905 0
514710 0
3741|1
105277 0
3758|1
601527 70
3768|2
446655 0
567940 90
3776|1
354821 50
3783|9
285821 50
570661 50
349388 50
447958 70
328474 50
43190 50
254649 0
307252 50
594920 90
3793|2
210282 80
456841 0
3811|1
22931 90
3822|1
174088 0
3851|1
147073 0
3852|3
434567 90
223166 0
222758 0
3862|2
567115 90
356798 90
3864|1
24995 70
3867|1
574204 90
3878|1
181236 40
3879|2
508479 30
270318 90
3886|1
429241 50
3903|1
336502 0
3915|1
85012 80
3919|1
609665 50
3923|1
183450 90
3928|1
104895 0
3929|1
392064 0
3946|1
6981 90
3953|1
343880 90
3954|1
294605 90
3957|5
433985 90
516384 30
448837 50
612717 50
537431 90
3958|2
116655 90
261289 0
3960|2
81745 89
163373 89
3963|18
229184 0
307314 0
310752 0
79790 0
67778 0
326236 0
587021 0
77141 0
566644 0
108657 0
504410 70
310276 0
326805 0
444597 0
193151 0
137915 0
135831 0
591015 0
3964|1
426031 50
3967|2
166266 30
214870 0
3979|1
268172 90
3983|7
212442 0
371254 0
312782 0
184392 0
330490 0
348536 0
390900 0
3993|1
212796 100
3996|5
311804 30
456985 30
471836 30
426676 50
57171 40
3997|1
473503 50
4000|1
330630 100
4015|1
396854 50
4020|1
198050 0
4024|3
311733 0
4283 80
505065 0
4026|1
189820 90
4028|1
99907 50
4041|5
461660 70
577035 0
79340 0
214703 0
361313 0
4054|1
541988 90
4055|1
358705 0
4061|5
576966 0
77841 0
590853 0
12536 90
598131 90
4063|1
451131 70
4074|1
464229 50
4086|2
474723 70
197656 90
4087|1
416738 0
4088|2
359727 70
285977 50
4094|1
304287 90
4095|1
342877 100
4098|1
491999 0
4111|1
208335 90
4112|1
217870 90
4115|2
43731 70
190575 0
4124|1
562028 50
4128|2
236584 90
21657 80
4130|1
151497 30
4136|3
584343 90
619878 90
210989 50
4142|1
121743 90
4159|1
381382 100
4163|1
103316 50
4166|1
481828 90
4172|1
344995 90
4202|3
273596 90
249331 90
24165 90
4206|2
525493 0
522534 72
4217|2
41735 30
243594 90
4218|2
406405 20
198756 0
4233|1
188981 90
4235|2
416688 70
436245 100
4238|1
577035 90
4247|1
457551 0
4250|1
185099 0
4257|1
357972 0
4287|1
120443 80
4293|1
53853 50
4294|2
379442 0
4643 0
4299|1
160438 70
4300|1
304287 70
4301|1
64622 30
4314|1
46411 90
4315|1
246197 70
4317|1
121281 30
4319|1
147073 80
4321|1
568350 70
4329|2
145897 80
276553 90
4335|1
384437 30
4347|1
180037 90
4348|1
557150 10
4352|1
13379 90
4353|3
518743 0
516603 50
126676 0
4366|3
499042 0
459011 0
112342 0
4399|2
450436 0
116411 40
4404|1
617646 90
4409|1
282499 70
4413|1
370412 90
4414|1
194330 0
4423|3
398904 0
195708 90
474320 90
4430|1
510233 90
4437|4
73734 90
40871 50
317690 90
589071 90
4439|1
251331 90
4454|1
14310 90
4462|1
343592 0
4465|2
468096 0
288359 30
4484|2
281203 75
159926 0
4487|1
132479 100
4489|1
301734 90
4497|1
385217 90
4520|1
584872 70
4549|1
591461 80
4550|1
29827 70
4562|3
338529 30
272084 90
125436 50
4565|1
612417 90
4572|3
544214 0
271921 0
320337 0
4573|1
156292 0
4582|1
357972 90
4584|3
198876 70
237848 70
430505 70
4587|2
234288 80
337707 50
4588|1
169678 90
4589|1
17014 90
4590|3
562289 70
548055 54
316249 0
4598|1
478414 70
4618|1
303193 100
4622|1
483584 0
4636|1
196852 90
4645|1
126535 90
4663|2
118307 0
405187 0
4674|1
327881 90
4676|1
1127 70
4679|2
264863 70
521633 60
4685|4
247304 30
63854 90
589358 50
422605 100
4692|1
194044 90
4702|3
379456 70
503070 70
500712 70
4714|4
85290 0
310239 50
529899 0
283021 0
4720|1
262605 30
4721|1
156783 30
4743|1
378073 80
4760|2
238364 90
386601 90
4761|1
445463 0
4771|2
446823 30
261278 30
4781|2
234870 0
365800 0
4782|1
169545 70
4794|1
301721 100
4796|1
247563 0
4803|1
227076 0
4838|1
107548 70
4846|1
435346 0
4853|1
134620 0
4855|1
227064 90
4869|2
622805 90
501746 0
4870|1
449162 90
4871|7
378269 0
399439 0
264621 30
602057 80
432753 0
495257 0
480314 100
4880|3
74133 30
362865 30
330239 30
4893|1
36870 80
4917|1
617646 90
4918|3
28792 50
597575 50
315211 30
4921|3
411746 0
412239 90
260119 0
4935|5
34525 70
121959 70
484114 90
349369 0
290541 70
4936|1
590280 0
4945|2
308797 90
96729 0
4973|1
46484 90
4979|1
609785 90
4989|1
561325 0
4996|2
470847 90
62779 90
5000|2
571276 90
310733 0
5013|1
615953 50
5021|1
48478 90
5028|1
155445 0
5030|1
461814 90
5033|2
617646 90
262763 90
5039|3
462770 0
319523 0
521383 50
5046|8
547756 0
497151 0
502464 0
98696 0
459024 0
620109 0
65064 0
187039 0
5054|1
263294 90
5060|2
82275 10
547893 100
5064|1
489267 90
5071|1
474134 0
5077|1
401572 90
5080|2
79136 90
555585 70
5082|2
554173 30
317261 30
5092|1
270248 90
5100|1
583422 50
5101|1
121863 0
5116|5
300134 70
338032 70
478939 50
251047 50
209633 90
5119|1
199751 90
5120|1
152925 90
5122|1
577735 50
5138|1
357261 90
5142|1
517526 90
5145|1
503258 90
5146|1
442381 30
5147|1
253627 0
5154|2
194132 90
170156 70
5157|1
496610 70
5167|1
477081 70
5169|1
453396 0
5177|1
299424 90
5188|1
120328 90
5190|1
147073 30
5194|1
611439 90
5200|1
103373 70
5222|2
461876 0
513146 0
5227|1
528144 0
5228|1
125187 29
5230|1
56437 0
5231|2
441443 30
13886 70
5234|1
222533 90
5242|3
146397 0
306289 0
506022 0
5244|1
280431 100
5249|1
339111 0
5250|1
409749 0
5280|1
384676 90
5302|1
74299 70
5348|1
298054 70
5370|1
451800 0
5373|2
70262 0
532487 0
5384|1
583222 90
5394|2
77170 90
132393 90
5403|1
154265 80
5407|2
535760 0
5832 100
5409|1
374286 90
5410|9
22971 30
497624 30
261898 90
225086 100
124392 90
31810 50
432583 50
323107 80
579404 30
5411|2
125737 0
210214 70
5415|1
331261 50
5427|1
487423 0
5436|8
605633 0
171477 0
25307 90
516536 0
403365 90
527053 0
157695 0
353948 0
5438|1
452352 90
5449|1
182140 70
5452|1
582439 81
5463|1
222533 90
5469|1
10065 90
5472|1
434897 90
5477|1
624775 30
5481|7
432515 80
424193 70
466233 60
482369 70
57524 70
363904 60
386754 40
5492|1
14354 0
5506|1
540255 90
5512|1
562764 0
5534|1
356745 0
5537|1
47614 70
5551|6
187320 0
289178 50
298318 70
598378 90
510581 90
161920 0
5561|1
325346 0
5562|1
397467 50
5581|1
465816 90
5598|1
169708 90
5604|1
178761 90
5614|6
531379 50
310106 30
506476 0
591954 0
248550 30
300536 0
5618|1
169708 70
5644|1
514926 90
5646|2
450091 90
161901 0
5648|3
388155 68
21106 100
406012 59
5649|1
271695 93
5654|1
439396 90
5655|1
410318 0
5662|3
333797 50
562028 50
385537 30
5666|1
463903 50
5669|1
580281 70
5679|1
215524 50
5688|1
239762 0
5695|4
194044 90
261596 90
75044 70
434691 0
5698|1
497792 90
5702|1
62097 90
5703|5
235784 90
300489 0
248651 0
265190 0
605288 90
5704|1
79902 90
5714|1
608376 90
5727|5
543590 0
314521 100
507512 40
436056 80
562945 60
5740|2
377492 60
583369 80
5748|1
257991 67
5749|2
149409 50
125755 0
5764|2
159157 100
212732 0
5765|10
480559 70
505760 50
151919 70
59014 90
514477 90
128936 50
25258 50
434695 70
168434 50
299706 90
5768|1
269261 70
5773|2
595854 100
456132 100
5807|1
99083 0
5811|1
177007 0
5825|3
388857 0
183621 0
452909 0
5834|7
413789 90
554164 100
381319 90
172438 90
613764 90
344338 100
66227 90
5837|1
540934 90
5840|1
37884 0
5843|1
531386 80
5850|3
445538 70
472396 50
170237 90
5853|1
598809 67
5855|1
203537 90
5861|1
401815 0
5862|2
128105 0
267901 0
5869|1
263707 0
5876|1
440376 70
5878|1
113748 0
5891|1
219179 90
5908|2
285506 0
173301 70
5911|1
393549 0
5919|6
237435 70
233204 0
223058 0
179707 90
351593 30
525253 50
5922|1
316232 90
5925|1
418175 0
5935|1
107534 0
5938|1
45196 70
5947|1
350485 90
5950|1
166152 50
5953|6
454872 90
195511 50
34729 90
419837 90
205414 0
604347 90
5967|1
300733 20
5972|1
306289 50
5973|1
37625 50
5975|1
55893 0
5988|1
234332 90
5993|2
119752 0
406453 50
5998|6
25690 10
9201 30
233092 0
304838 40
88426 30
572337 30
6003|2
268220 0
415170 90
6005|1
230872 30
6010|1
121962 0
6011|1
528166 80
6018|1
250228 30
6028|5
426234 30
228947 0
491484 0
566872 0
221997 0
6032|2
63667 0
277483 90
6038|1
318269 90
6044|1
101977 90
6053|1
394919 30
6058|1
363149 70
6062|1
196852 90
6072|1
186115 0
6091|1
131263 50
6095|1
218274 50
6096|1
436056 90
6100|1
149079 0
6102|1
439558 30
6110|1
190969 90
6111|1
102284 90
6118|1
384820 90
6119|11
69434 90
585341 90
289081 90
52072 90
586616 90
96227 90
205534 90
400061 90
488323 90
586397 90
213611 90
6134|1
235966 70
6136|1
95258 90
6141|1
478367 30
6145|1
95868 70
6146|1
55893 0
6156|5
419297 50
325691 90
300363 30
109887 30
504185 0
6159|2
121512 100
38327 80
6164|1
267369 0
6171|1
328559 90
6172|1
317962 90
6176|1
163101 90
6183|1
440749 90
6190|1
509046 90
6197|1
257158 80
6198|11
340977 0
397258 90
203223 90
461921 90
554169 30
621101 70
146796 50
615030 90
169942 90
346076 0
592584 70
6207|4
112342 0
330707 0
28487 28
174517 35
6213|1
478796 30
6214|1
22186 30
6215|1
283332 80
6229|1
167342 70
6230|2
476279 0
499788 0
6231|1
90037 0
6243|2
323095 50
156707 30
6248|2
280263 100
460148 0
6249|1
470288 90
6255|1
283332 80
6275|2
84598 70
303423 94
6279|1
592747 90
6301|1
248938 100
6303|2
434652 90
13886 90
6313|2
169162 76
358375 80
6329|1
111218 90
6331|1
338976 0
6343|1
517860 0
6356|1
308552 90
6360|1
430949 90
6370|1
474134 90
6374|2
604213 30
621597 50
6393|1
166534 70
6395|1
275261 90
6408|1
195666 50
6413|2
518888 90
12099 90
6430|1
539344 50
6443|1
608302 0
6450|1
236519 0
6459|1
197656 0
6461|1
408857 50
6476|1
40476 100
6493|2
399710 0
595723 50
6495|1
213829 90
6496|3
214501 0
365912 100
203836 100
6497|1
227034 50
6505|1
85012 80
6517|1
386506 100
6521|2
136083 90
327264 80
6538|5
174146 70
223756 90
472237 30
425814 50
552968 50
6543|1
400058 90
6544|1
37961 70
6550|1
468898 90
6576|1
227064 90
6602|1
346306 70
6615|1
140077 30
6634|1
556366 70
6638|1
434897 0
6640|1
118840 50
6661|1
498795 90
6662|1
438343 0
6676|1
171167 0
6685|1
491508 0
6686|1
423861 100
6690|11
558763 70
59245 70
86911 30
268812 50
390565 50
146731 90
53338 50
217451 70
567369 50
473061 50
356405 70
6691|1
269414 100
6692|1
400964 90
6693|1
144030 70
6694|6
457178 30
360474 50
404067 50
229058 30
366639 0
400435 0
6696|1
130695 50
6700|3
65715 90
230202 0
478327 70
6701|1
480416 70
6710|1
17520 90
6713|1
564472 90
6715|1
240061 90
6716|1
164997 0
6717|1
303423 80
6726|1
413172 90
6727|1
574596 14
6730|1
117319 0
6741|8
97871 0
410540 0
366723 0
619656 0
323257 90
164016 0
218257 90
313707 0
6751|1
228988 90
6764|1
49690 50
6766|1
491219 0
6767|8
177910 0
442511 70
13133 0
285063 30
360699 0
57211 0
370585 70
34707 30
6773|1
145897 50
6781|1
536767 100
6782|1
475026 0
6789|1
420128 30
6791|1
291430 0
6797|3
181899 30
616799 70
206847 90
6800|1
112150 70
6805|1
421893 50
6811|2
509109 0
142902 0
6813|1
527195 90
6816|1
568890 80
6817|1
85012 0
6818|1
360329 90
6819|1
328042 100
6829|1
506469 0
6833|2
355451 50
129462 90
6834|2
146781 70
146335 70
6839|1
622325 90
6840|1
563692 80
6843|1
370566 50
6848|3
443454 30
140848 0
75943 0
6864|2
517288 0
182140 0
6868|2
304969 90
66533 90
6871|5
503721 60
503199 50
149475 10
175646 30
462713 30
6876|2
230010 90
91169 50
6879|2
572465 50
99261 90
6881|1
313081 0
6885|1
122215 90
6887|1
267723 90
6889|1
229112 0
6904|1
534165 0
6909|1
290893 70
6915|4
375038 50
78682 90
8732 70
392167 90
6916|1
88470 0
6919|2
344019 70
145588 90
6921|1
163130 0
6927|2
4283 0
349849 50
6931|2
168150 0
299905 0
6933|1
454695 100
6938|1
414408 30
6946|1
245730 100
6956|1
122835 30
6958|1
115722 10
6988|1
521255 50
7002|1
486287 0
7003|4
412983 100
114385 0
589672 0
190389 0
7004|1
188981 90
7013|2
157197 90
624010 90
7014|4
492853 0
307036 0
37578 0
374286 0
7023|1
370371 80
7037|3
509945 0
345947 0
294427 0
7039|1
459884 60
7043|1
300733 90
7046|1
310714 90
7052|1
345747 0
7057|1
578355 50
7063|1
537714 90
7064|1
367406 30
7083|1
259552 90
7090|1
174146 70
7098|1
313021 90
7102|3
395221 90
576257 70
308821 90
7104|1
618845 0
7113|4
145842 90
14916 90
99077 90
591879 90
7117|1
211566 70
7122|2
507208 50
365958 50
7124|1
281097 90
7131|2
555050 90
476857 90
7133|1
402483 90
7137|3
200893 70
215453 50
213829 30
7140|1
176922 50
7147|1
318879 61
7150|1
531386 90
7156|1
460326 0
7160|1
68496 90
7164|3
344858 90
451984 30
405842 70
7168|3
142396 90
310856 70
265501 50
7181|1
397543 90
7182|1
123601 80
7195|1
582591 80
7201|1
27300 0
7214|1
396096 60
7217|4
359958 0
413311 0
276316 100
164456 100
7239|1
147073 80
7240|1
254519 30
7246|1
283541 90
7256|1
620594 90
7257|2
19106 90
257310 90
7271|4
582799 90
511150 100
344754 100
440255 100
7272|1
234288 0
7279|3
95504 30
574204 90
395327 50
7286|3
171988 90
267846 90
448805 90
7292|4
114390 70
388306 0
249654 0
62698 0
7293|1
609785 90
7308|3
291672 70
97732 0
143128 70
7309|1
221707 90
7311|1
464660 90
7317|3
437526 70
46539 70
329803 50
7334|7
253102 20
321457 0
180091 60
351274 30
414493 10
319460 30
404994 0
7336|1
578311 0
7345|1
88858 80
7349|6
137999 90
596428 90
59214 30
562177 90
574835 0
432575 50
7350|2
50285 0
554585 0
7355|1
70896 90
7357|1
419241 0
7373|1
620677 50
7391|1
123025 90
7397|1
245730 0
7403|1
440749 0
7410|1
384230 0
7416|1
323356 0
7418|1
209919 70
7420|2
111214 0
310555 40
7425|8
520656 0
64588 100
456391 100
308083 90
477525 100
316846 100
559649 100
551881 100
7431|2
381336 90
375693 0
7436|2
84169 30
556837 0
7438|3
341671 70
530707 0
131222 70
7449|1
213829 90
7455|1
379002 50
7459|3
556273 0
367001 50
113167 0
7468|4
276569 70
222533 50
364950 30
344015 0
7478|8
587088 0
619123 0
514044 0
468544 0
498751 0
292959 0
438228 30
135864 0
7494|2
152208 50
445286 0
7497|1
205414 70
7501|2
110821 70
283271 90
7504|1
620677 0
7508|1
212016 90
7525|2
482357 100
565925 100
7526|1
569179 50
7535|1
371447 0
7579|1
102149 0
7583|1
392292 0
7585|2
370371 30
580897 0
7589|1
602988 0
7598|3
292452 0
303896 0
196203 0
7599|6
188463 100
567726 70
326123 30
569772 50
168717 96
393625 70
7601|5
209891 100
25205 0
9207 100
566115 70
116706 70
7604|1
345610 70
7610|1
412129 30
7614|2
598051 50
125549 100
7622|1
245730 90
7637|8
398212 50
30342 20
17228 70
353489 0
163038 50
245587 0
208482 0
425492 70
7643|1
85012 0
7650|1
607946 90
7655|2
332984 70
450528 100
7667|1
247563 80
7668|3
390150 0
574898 0
140522 0
7671|1
533654 0
7672|1
219277 100
7678|1
70960 0
7680|1
576028 90
7684|1
531386 80
7694|2
221078 90
521219 0
7709|1
88858 80
7710|1
31260 100
7714|4
300796 0
36453 0
432863 90
325346 0
7729|1
303423 50
7734|7
530812 0
610007 0
201217 0
521021 30
261997 30
3902 0
587933 0
7740|3
607139 0
208336 0
417237 0
7747|2
60117 0
384476 0
7752|1
60363 100
7753|1
489371 90
7769|1
6224 90
7770|1
405897 90
7777|1
616366 0
7790|1
470248 90
7793|1
102146 0
7795|1
168228 0
7799|1
16554 30
7802|1
321765 70
7805|2
393524 50
267723 90
7811|1
123601 80
7812|2
348067 0
28621 100
7814|1
52652 0
7817|2
437966 100
499647 0
7828|1
531243 90
7837|2
219287 90
407844 90
7838|3
540108 90
555253 90
607306 90
7840|1
566294 30
7877|3
490213 90
607613 90
457998 90
7880|3
446431 90
117513 30
234921 30
7882|1
219179 90
7892|1
344617 90
7901|2
235935 0
514039 50
7905|1
145588 90
7907|1
400707 90
7908|1
533645 50
7916|20
274240 70
312747 70
321673 89
337770 70
255397 90
162563 70
158084 90
424380 30
268073 70
504372 70
275530 70
220202 90
449551 90
82636 40
560048 70
72950 30
288867 80
100005 90
469290 70
583067 70
7923|3
264266 0
310318 0
362307 0
7926|2
622770 50
489471 50
7949|1
290035 77
7953|1
437080 80
7955|1
70316 100
7962|2
45452 70
96467 0
7988|1
328754 90
7994|1
51137 0
8019|1
432322 0
8021|1
579644 50
8033|4
581975 0
74231 0
581390 30
136387 90
8037|1
254162 50
8063|2
355727 30
347177 50
8074|1
164456 90
8075|1
411044 50
8089|1
182140 70
8093|1
10916 30
8099|1
120758 90
8101|1
341584 90
8107|1
34994 30
8108|1
202108 70
8115|1
383615 90
8119|4
476631 90
236514 0
115528 90
359196 0
8127|1
561936 90
8131|1
504528 90
8151|1
96319 90
8165|1
607652 90
8169|3
457389 0
40539 0
404709 0
8182|2
92485 30
9649 30
8187|1
558154 90
8199|1
499605 91
8206|1
285358 0
8223|1
180037 90
8226|1
411221 90
8239|2
90868 0
377211 90
8262|5
318247 30
550454 0
518894 0
125457 0
612635 90
8276|1
201482 30
8280|1
111411 90
8286|2
458351 0
414557 50
8291|1
198888 90
8298|1
224051 90
8317|1
289037 80
8338|2
216271 0
46862 0
8343|1
99637 90
8344|1
390790 90
8348|6
79814 30
510661 0
424975 0
534302 0
80112 0
549457 0
8358|1
521255 90
8365|6
103707 0
511146 0
218497 0
602142 100
31803 100
444148 0
8371|1
467530 90
8380|1
594721 90
8382|1
359579 90
8407|1
43434 90
8411|2
169708 30
433773 30
8412|1
34525 90
8421|1
581271 0
8422|1
368159 50
8425|1
401372 90
8437|1
168385 90
8444|1
241322 30
8454|1
60191 0
8459|1
88066 30
8477|1
314883 0
8479|1
164920 90
8480|1
537269 70
8483|1
192694 92
8488|1
209733 50
8492|1
532569 90
8493|1
189510 90
8496|1
433773 0
8497|1
369686 0
8498|1
612259 70
8499|3
183282 90
608376 0
129804 50
8501|1
94956 90
8508|3
617077 0
427139 0
130874 100
8512|1
517337 80
8522|1
52167 70
8527|1
195644 90
8531|1
139648 90
8532|2
103317 0
303835 30
8539|1
176027 70
8540|1
467179 0
8542|1
540255 70
8555|1
357972 90
8556|2
541171 90
307197 90
8561|1
267723 90
8565|3
246499 70
320459 90
523460 70
8573|4
105068 0
43922 0
468075 0
30529 0
8576|2
506931 30
189880 70
8586|1
377108 90
8595|1
248550 90
8612|1
303423 80
8617|1
385337 30
8629|1
25168 84
8637|1
139104 30
8648|1
216798 70
8651|2
131393 90
50180 90
8656|1
574388 0
8665|5
430148 0
547681 50
295577 0
219929 0
220246 0
8668|1
97732 80
8669|4
594710 30
614554 50
25706 0
515715 30
8677|4
355769 30
218706 0
480028 0
248550 60
8679|1
548925 50
8680|2
590754 0
408922 90
8682|1
193334 90
8688|2
559390 100
182509 100
8690|5
109715 50
589949 20
154586 100
435508 90
374718 70
8691|1
481365 90
8693|5
148337 30
215415 70
261426 50
254143 30
536641 30
8698|10
469245 50
129409 70
60949 70
412747 90
506220 50
350499 30
185675 50
524015 70
204247 70
496061 50
8701|1
68496 73
8707|2
41061 30
317276 50
8710|1
283332 80
8714|1
275261 90
8718|7
194298 30
509945 70
104972 90
595853 70
315942 50
87289 90
278445 90
8720|1
415288 90
8728|1
580173 100
8735|1
139424 50
8750|1
156621 70
8755|1
479777 100
8757|1
490974 0
8767|1
6711 90
8770|3
127634 40
48436 1
359172 0
8781|2
137372 0
593013 0
8788|1
471255 30
8789|13
442153 0
168502 62
33083 0
221844 50
507141 90
118592 90
86432 0
77570 60
27651 90
37718 70
116040 0
38414 70
7201 70
8790|1
602412 0
8796|4
615832 90
471491 90
402566 90
116710 90
8797|1
180037 90
8804|2
207325 0
510423 0
8813|2
462302 0
75368 70
8823|2
375693 90
448384 90
8837|1
436056 90
8838|2
470716 0
349388 65
8841|3
524335 30
122969 70
254519 50
8842|1
488557 70
8846|1
406621 90
8848|1
56858 90
8853|1
539665 50
8855|2
281726 50
358230 0
8856|1
266294 50
8859|2
506248 70
199349 30
8861|1
416631 100
8868|1
233875 70
8869|2
14425 0
477154 50
8898|2
161375 90
517718 30
8909|2
20184 70
123025 30
8911|1
213829 90
8916|2
552324 100
63519 0
8922|1
539025 70
8928|4
478676 30
147073 0
435516 0
225308 0
8931|1
150385 94
8936|4
29478 0
152168 0
195886 0
576294 0
8946|1
616496 30
8957|1
571811 90
8970|1
290893 90
8981|2
364892 0
446775 0
8990|1
131837 90
8992|2
590699 90
592285 90
9009|1
173301 90
9012|2
234877 0
59061 0
9031|1
318034 70
9039|3
258300 74
347410 63
476997 59
9042|1
181585 0
9061|1
119236 75
9069|1
349771 90
9071|1
520596 0
9072|1
204607 50
9084|2
606613 0
580441 0
9088|1
357972 90
9096|3
93701 100
278817 90
548055 70
9097|1
36145 90
9098|2
112991 70
508642 70
9100|2
285253 50
265889 70
9108|1
123025 90
9119|1
436056 56
9120|3
388395 82
458773 96
93009 94
9121|1
494057 100
9124|1
589869 70
9125|1
29753 50
9127|1
531043 70
9128|1
256420 0
9139|2
219457 50
397770 0
9146|1
520936 90
9156|1
376626 30
9158|1
285129 90
9159|1
325366 0
9162|1
472127 30
9182|1
368400 30
9188|1
432654 90
9190|1
531386 80
9196|1
538823 0
9202|1
33930 30
9205|1
231095 0
9210|1
457354 0
9211|1
56437 90
9223|1
365750 90
9224|1
185665 90
9225|3
131837 30
16096 90
326732 50
9226|1
382928 0
9237|1
311811 90
9247|4
386646 100
100971 100
462275 100
21685 100
9248|1
342698 100
9260|1
542254 0
9268|1
328900 90
9269|1
537258 70
9270|3
513875 0
31602 0
101278 0
9274|1
56437 90
9275|1
111130 50
9276|1
94494 0
9298|1
624956 0
9300|1
303578 85
9316|1
250153 70
9321|3
470346 50
286044 0
460256 70
9333|2
251256 0
504993 50
9336|1
215439 100
9347|12
433178 0
26728 70
377732 90
501724 0
480831 90
49439 90
82557 70
201588 0
448386 50
87724 90
445825 90
386967 70
9365|1
122437 90
9367|1
499437 70
9373|1
74211 40
9375|2
236295 90
331880 90
9377|1
530728 100
9382|1
123025 0
9385|1
126944 90
9389|1
239762 100
9393|2
239901 0
325185 90
9394|3
442908 30
373669 30
548660 0
9397|15
386820 0
117473 0
374502 0
5725 0
226969 0
568671 20
300949 0
312024 0
262463 0
509540 0
466024 0
88283 0
303391 90
267169 0
192307 0
9398|1
592352 90
9402|1
321213 0
9415|1
86885 0
9420|2
551986 0
384847 30
9432|1
560616 50
9440|2
300608 90
26537 90
9441|3
272524 30
86624 70
213685 90
9445|1
589856 90
9448|2
531326 90
567697 50
9449|15
320198 0
518715 40
474635 0
384876 0
513801 0
162214 20
216572 0
356213 0
586988 0
130616 0
94030 0
124096 0
50751 0
29660 0
130403 0
9455|1
512333 90
9457|1
34013 90
9459|1
405897 90
9465|2
268649 70
612481 30
9468|1
117158 30
9470|1
9257 89
9487|2
154897 90
499437 90
9510|1
354105 80
9515|1
618911 90
9518|2
391391 100
286690 100
9527|1
592177 90
9530|2
561784 0
597004 0
9536|11
189270 100
26275 50
445927 100
549933 26
190519 100
123190 50
470997 50
56141 14
269414 58
88804 0
350511 100
9543|3
597739 90
478939 50
341024 0
9545|1
303423 0
9577|1
601402 90
9585|1
440033 0
9612|1
75757 90
9629|1
569785 90
9633|2
64397 50
623778 90
9637|1
299981 70
9638|3
129539 30
58393 50
437307 50
9641|1
308414 30
9648|1
144592 80
9651|1
468889 70
9657|1
230673 90
9662|1
5024 70
9663|1
600205 0
9672|6
277980 70
299905 0
109715 90
209517 90
373534 0
240771 0
9676|6
333187 0
29894 30
511516 100
605683 90
18967 70
562527 50
9685|1
491985 0
9686|1
132613 90
9692|3
444349 50
559807 0
386523 50
9693|1
84504 90
9699|1
467530 90
9702|1
513664 80
9714|1
76628 50
9726|1
534002 0
9728|1
17863 50
9730|1
495736 0
9742|3
280533 0
276130 50
285175 0
9751|1
582591 80
9754|1
534002 50
9765|5
422605 70
352390 90
411246 70
266200 70
294951 30
9777|1
185280 90
9805|1
533654 90
9814|1
303067 100
9826|8
323966 100
589875 70
121041 90
373779 80
517063 0
500358 50
287333 10
320386 10
9830|13
160507 30
310144 70
572185 90
488803 30
409563 30
420353 30
292525 70
480002 90
431676 90
130649 90
431728 70
458075 70
529618 50
9832|1
131263 90
9837|2
442568 50
331245 30
9841|1
151678 60
9842|2
31120 50
446418 30
9843|1
22757 90
9859|7
420355 0
182708 50
274016 90
476733 0
192653 50
502595 50
297409 0
9861|1
283179 50
9877|1
327995 90
9880|1
359811 90
9901|1
609785 90
9902|1
517997 70
9903|7
488284 50
457288 100
534235 90
536597 80
242208 80
340873 90
184185 80
9906|1
435813 90
9908|1
618953 90
9917|1
160239 70
9957|1
180932 90
9966|5
329093 50
225016 70
102420 0
306566 50
191936 91
9968|1
610571 0
9972|1
141157 70
9976|1
461814 30
9990|1
507010 90
9992|2
173094 90
390659 0
10010|1
72239 0
10019|1
22757 50
10020|3
517554 90
455400 90
484331 90
10032|1
123601 80
10036|2
59298 90
248550 50
10042|1
74511 30
10067|1
622325 30
10089|2
525832 30
427711 90
10092|1
162563 90
10095|2
330442 0
404845 50
10111|1
507010 30
10113|1
349451 0
10116|1
192496 70
10118|1
371598 90
10130|1
295106 90
10137|2
160286 30
559514 0
10141|1
300830 0
10145|1
440395 90
10153|1
248699 90
10155|1
558474 90
10160|2
315452 30
186216 90
10164|1
84102 100
10165|2
337829 0
150719 100
10176|1
383769 90
10177|1
186758 50
10183|1
170036 91
10184|2
267846 50
232475 70
10189|1
293242 70
10196|3
482346 0
491484 0
418164 0
10199|5
399431 70
442764 90
302750 0
120443 0
87236 90
10201|1
508932 90
10202|1
331047 50
10205|1
510921 0
10208|1
413253 90
10215|1
55629 90
10217|1
252006 0
10238|1
382966 30
10239|1
201481 90
10260|3
22045 30
181753 30
83605 0
10263|1
92322 0
10280|1
219179 90
10285|1
391084 0
10290|1
619599 0
10292|1
325902 50
10296|1
389328 30
10304|1
620594 90
10305|1
160898 90
10309|2
624520 50
106459 50
10312|1
96431 70
10320|1
79902 90
10325|1
441443 0
10327|2
275261 50
461814 90
10332|1
211566 0
10333|3
520195 0
327995 0
510846 0
10337|2
9046 70
162563 70
10343|1
226745 70
10383|1
390355 90
10386|4
311795 0
149367 0
156339 0
299424 0
10393|1
142902 0
10408|1
196369 90
10411|9
290916 60
622550 80
446859 50
404110 50
516707 80
7170 10
467178 100
290577 50
212723 50
10412|1
551361 70
10421|3
13022 70
141453 70
454436 0
10427|3
616649 0
303578 98
150443 0
10429|1
399094 100
10431|1
576100 0
10437|4
590129 0
571381 0
385197 0
470168 0
10438|1
315131 70
10443|3
612842 80
137971 90
74771 80
10444|2
473403 0
283332 0
10445|2
100580 0
383597 0
10466|1
131663 90
10477|4
194310 90
228988 90
318552 90
557733 90
10495|2
592747 30
59789 0
10500|2
538823 70
534002 30
10502|1
129462 90
10509|1
448805 90
10510|1
256284 30
10517|2
8857 90
216252 90
10520|1
190019 90
10525|1
209962 50
10531|1
428105 90
10543|1
51733 70
10552|1
531386 90
10557|1
406535 90
10567|1
284266 70
10575|1
257310 90
10588|2
374750 88
111239 100
10595|1
545318 90
10602|1
514730 90
10619|1
56437 90
10637|3
428092 90
572327 90
82389 30
10640|1
91295 90
10648|1
151678 98
10655|1
128214 70
10675|2
40559 70
24365 70
10688|3
438293 0
186216 50
29076 50
10690|2
210667 50
470164 90
10692|1
517703 70
10697|2
289306 83
89257 100
10701|1
106953 70
10717|1
614925 50
10729|1
554252 90
10730|2
277451 50
123769 0
10731|3
19377 100
440572 90
255533 0
10733|1
165824 30
10737|3
561022 0
97492 50
248920 0
10748|1
224851 0
10754|1
567163 30
10756|2
337305 50
250650 0
10763|1
531826 60
10765|1
92532 90
10767|1
186958 30
10779|2
1383 90
123260 90
10783|1
196852 50
10790|2
505508 30
554905 50
10795|2
254045 90
373675 90
10798|1
614925 100
10840|1
584407 50
10849|2
454276 90
76657 85
10853|1
557060 70
10855|1
291211 88
10856|1
36870 80
10866|1
384802 10
10867|1
173094 0
10880|1
373325 70
10900|2
513801 0
61105 0
10904|2
306460 30
321468 0
10922|1
255918 0
10938|1
183120 0
10940|1
348337 0
10947|2
534511 0
370272 50
10948|2
213842 30
438559 0
10952|1
602445 100
10965|2
429818 100
297989 90
10982|2
254465 90
589895 90
10987|2
66926 90
115398 90
10990|1
145897 80
10994|1
424525 50
10996|1
546751 90
11000|3
1901 70
101687 50
33455 0
11010|1
189715 0
11015|1
401367 0
11027|1
120465 90
11030|4
577254 70
381306 30
392524 0
516709 70
11032|1
521599 70
11036|4
250188 0
390257 50
350722 30
103338 30
11037|1
131263 100
11044|1
163101 70
11062|2
290158 30
285843 90
11063|2
147542 90
296182 90
11074|1
594087 50
11082|1
527185 70
11085|2
100265 70
162799 30
11090|1
455679 50
11098|1
457861 90
11105|1
439794 90
11108|2
174088 100
378793 70
11109|2
271774 90
101553 30
11110|1
82199 90
11121|4
150013 0
6834 90
204602 0
535249 30
11129|4
392589 90
350913 0
264414 70
285745 90
11145|1
517526 90
11177|1
590360 90
11180|2
423221 0
398848 0
11181|1
592747 90
11189|1
582591 80
11201|1
82782 0
11205|5
139625 90
322230 0
348411 0
394649 100
185611 90
11206|1
541030 90
11207|2
98368 50
25487 70
11208|3
465299 70
419898 70
112433 50
11218|1
78865 70
11226|5
102975 90
139659 0
260580 0
227178 0
470286 0
11229|5
257991 30
555878 30
169708 0
377160 30
548168 0
11236|1
18772 90
11267|2
181221 70
524335 30
11269|1
85929 90
11276|10
66690 0
484476 30
125257 0
119394 30
264924 50
423689 70
65538 30
250147 30
382078 30
15503 30
11279|3
461379 70
599530 0
248550 0
11285|1
222314 0
11307|1
369920 50
11325|1
262605 90
11330|1
97508 0
11351|1
132786 90
11352|4
622645 90
17571 90
124629 90
166976 90
11355|6
225292 0
103542 50
298171 0
542384 0
575858 0
251046 0
11357|3
458812 50
539920 0
564926 70
11362|1
57422 0
11365|2
315247 0
49439 30
11370|2
556053 70
582712 70
11374|4
98806 50
602548 0
363959 50
25855 30
11380|1
12340 50
11386|1
344158 80
11399|1
529372 70
11415|1
359811 90
11416|1
582051 90
11428|1
149648 90
11431|1
17863 80
11434|1
9649 70
11444|4
5530 0
150708 0
99133 0
351075 0
11448|1
591163 90
11455|1
40476 90
11462|1
260661 0
11465|3
85012 23
232678 60
322830 63
11473|1
171282 70
11476|1
402453 50
11486|1
531331 90
11489|1
170113 90
11515|1
331776 100
11519|13
143716 0
490684 0
562085 70
210519 50
278040 60
17509 90
504246 0
266200 90
436790 0
233238 70
537194 50
335426 100
294371 0
11520|1
440749 90
11525|1
393059 80
11537|6
143262 90
553664 90
438913 90
580147 90
341818 90
336637 90
11539|1
562028 70
11543|1
109628 50
11545|1
41640 0
11556|2
370819 90
132721 90
11564|1
192405 70
11571|5
261951 90
243965 90
274928 90
53049 70
577142 70
11574|2
4653 0
336894 50
11587|1
42515 0
11590|2
323081 50
166500 50
11601|1
470980 90
11606|2
361832 90
611827 70
11623|1
403530 0
11624|1
303067 0
11636|1
54007 50
11667|1
358276 90
11673|1
562823 50
11677|1
297989 90
11693|1
27083 90
11713|2
447507 0
531020 0
11727|6
228988 0
612810 0
34125 30
232039 0
454647 90
260464 50
11731|1
162605 50
11733|2
9354 90
106447 0
11738|1
78983 0
11746|2
44394 70
430556 50
11755|1
608994 50
11757|1
381916 0
11759|1
540951 80
11789|1
139124 90
11806|1
538040 50
11808|1
332785 90
11815|2
137889 30
578821 0
11819|1
10715 70
11821|1
56524 90
11824|1
493774 50
11848|1
541988 0
11860|3
124603 50
160176 70
74928 50
11869|1
532569 30
11870|1
456625 50
11872|1
171362 0
11873|4
79894 0
445704 0
406535 30
610232 70
11876|1
299538 90
11879|5
335846 0
313367 0
115675 0
435599 0
161857 0
11892|3
301986 0
575153 0
313443 0
11896|2
416142 70
64950 70
11901|1
370449 90
11915|1
476851 0
11918|1
21683 43
11919|1
84823 90
11921|2
541171 90
31120 90
11924|5
608376 30
575062 90
271825 0
187391 0
582863 0
11937|1
267614 90
11969|4
236071 70
395273 90
248706 70
315131 0
11993|6
316260 0
31141 0
291464 0
88379 0
27935 0
491287 70
11995|2
460488 70
322643 30
11998|1
501707 30
11999|1
147073 80
12003|1
257158 0
12008|1
516575 100
12012|1
5819 90
12031|1
503258 90
12035|1
602607 0
12037|1
205120 50
12051|2
391683 90
311582 70
12061|1
190966 70
12076|1
227064 90
12094|2
230037 0
492554 90
12096|1
144790 100
12098|4
477331 90
502122 70
431198 90
435600 90
12100|2
258856 90
412480 90
12106|2
267846 30
205252 70
12113|1
201880 90
12123|2
204338 68
211874 70
12124|2
576845 0
338352 0
12127|1
315893 0
12132|1
109443 90
12142|1
392726 90
12145|1
200823 0
12156|1
440901 90
12168|6
351750 0
202171 0
179643 0
148292 80
296928 85
400058 0
12171|1
320085 70
12173|1
457583 90
12177|1
267846 90
12194|1
253207 90
12199|1
436056 90
12200|2
413705 50
457922 90
12206|1
500399 90
12215|1
23821 77
12218|4
569960 0
1382 90
115051 0
366085 0
12220|5
139412 82
6789 70
554252 30
569179 90
4653 50
12225|1
196852 70
12230|1
44688 0
12243|1
255720 90
12252|1
565756 0
12255|1
258057 100
12258|1
2255 90
12263|2
539042 90
89135 70
12266|2
307887 0
186184 0
12270|2
257158 0
111280 90
12278|2
345251 0
330613 100
12282|1
320139 90
12288|1
17863 80
12296|1
278879 90
12298|1
34525 90
12300|1
594761 90
12316|1
320706 0
12318|1
394240 0
12330|2
437526 50
499038 90
12335|1
563407 50
12339|3
419456 90
539602 90
454436 0
12343|1
378921 90
12346|1
479777 90
12349|1
323933 90
12350|6
334159 50
210804 0
393380 70
307229 50
471255 90
549842 70
12353|1
123025 90
12355|3
101304 50
154230 50
522299 50
12357|1
234288 80
12361|1
65408 30
12368|1
423513 90
12377|1
538823 80
12383|1
228366 0
12384|9
14436 90
146164 100
86208 100
225587 100
128110 100
241612 100
100956 100
328478 100
176065 90
12391|1
307652 50
12392|1
79381 50
12393|1
123601 70
12399|1
160286 0
12402|1
223457 50
12417|3
415290 30
13886 30
219925 50
12418|1
621103 70
12435|1
59596 0
12441|2
406405 0
349250 0
12444|2
288158 30
519161 50
12445|1
28506 90
12446|12
133971 0
540499 0
263966 0
383679 0
563176 0
205152 0
58534 30
525675 70
572721 50
345862 0
359203 30
420260 0
12447|1
618142 70
12448|1
488985 90
12453|1
132018 90
12454|1
275261 90
12456|2
210226 90
567655 90
12468|1
182140 100
12471|1
556298 80
12474|1
128024 90
12477|5
265976 100
473727 100
470074 0
103833 100
33343 0
12488|1
28871 90
12489|1
615774 90
12497|1
569853 70
12498|2
392167 90
341863 90
12507|1
113133 0
12509|1
431376 90
12513|2
101654 70
344616 30
12520|2
330876 0
508466 0
12521|1
506830 50
12524|1
390910 0
12526|1
562028 0
12528|1
119346 30
12532|2
22989 0
134437 0
12537|1
492607 62
12541|1
514730 90
12542|2
324988 50
199317 50
12549|2
9736 90
206975 0
12555|1
571336 50
12557|1
23521 30
12561|1
308361 30
12566|1
569455 50
12579|1
153746 50
12580|2
193109 100
540905 0
12590|1
113101 0
12595|2
400058 70
129941 90
12596|5
326844 30
296598 0
483119 0
202984 50
334478 0
12608|1
225587 0
12612|1
617646 70
12613|3
531404 70
467997 0
587862 0
12625|2
371598 50
597247 30
12627|6
303578 30
212714 50
451131 50
52519 90
191674 30
28952 30
12629|1
564555 70
12630|1
490327 90
12631|1
446110 0
12646|2
611437 30
375876 0
12658|1
420023 90
12661|2
486392 0
408123 90
12667|1
617405 90
12674|1
48802 70
12682|1
111280 80
12688|4
590245 30
447643 0
568344 0
335550 50
12691|1
360857 50
12699|2
295106 90
581822 78
12701|1
608376 50
12704|1
9459 100
12712|1
514926 30
12714|1
145588 70
12715|1
485970 90
12721|1
332477 0
12740|1
150022 90
12741|1
445533 50
12742|1
598146 70
12746|1
334716 50
12751|1
570596 30
12752|1
569741 30
12757|1
86655 90
12759|1
88858 30
12780|1
207030 90
12798|1
46160 30
12817|1
439099 90
12822|4
9810 89
502414 100
198093 100
503258 100
12823|2
22757 90
539824 70
12827|2
502378 0
258945 70
12841|1
523223 0
12850|1
418858 90
12853|1
42474 70
12865|1
538823 80
12866|1
393059 80
12877|6
384377 10
69307 10
383445 10
513413 10
138385 0
416346 10
12889|2
37702 70
137891 70
12903|1
612918 0
12916|1
99170 0
12922|1
92787 0
12929|2
207673 100
125436 70
12937|3
544967 0
478296 0
582477 90
12942|1
126460 90
12946|1
453564 90
12947|1
308426 90
12955|12
528144 0
56398 90
231098 0
465992 0
555387 0
78113 30
227902 0
439111 0
369142 0
172282 0
78440 0
371891 90
12958|1
192477 90
12960|3
342230 50
208588 90
211237 90
12970|1
287777 50
12971|1
442628 90
12991|2
221980 0
297241 0
12993|1
548055 70
12995|1
36870 80
13011|1
523672 90
13012|2
602945 0
49750 0
13016|1
242939 90
13033|2
586389 90
292716 90
13035|5
583293 50
307351 70
217296 30
597641 70
189971 30
13045|1
134930 90
13050|1
257158 30
13055|1
265231 90
13057|2
343056 0
126713 30
13060|1
380555 0
13063|1
564974 70
13066|2
186990 0
111562 0
13078|1
347948 30
13082|10
77322 0
378657 0
554368 0
467299 0
402056 30
468157 0
65219 0
562776 0
414961 0
543132 0
13083|1
94767 0
13084|3
445104 0
242616 90
248270 70
13090|1
463073 10
13098|1
327995 90
13104|1
189820 90
13108|3
621983 50
576772 30
188859 0
13115|2
300733 0
484497 80
13120|1
229158 90
13128|1
3223 50
13146|1
508992 90
13168|2
470248 0
408997 0
13170|12
19501 0
216537 56
600479 0
349754 0
296517 0
243499 0
569612 60
219018 0
448165 0
587124 0
64133 0
176490 0
13173|4
234926 100
135020 0
304951 90
44610 100
13187|2
402723 90
539126 90
13188|4
311608 50
191818 70
17164 70
299835 50
13190|6
295837 0
241318 0
307729 0
198536 70
563449 0
529866 30
13192|1
622325 90
13205|8
323399 0
179008 61
602182 0
227954 50
571433 0
166665 0
552608 0
436245 0
13210|1
327633 0
13212|1
339297 90
13214|5
241213 70
100401 90
22757 50
118655 50
30663 70
13217|1
508189 0
13219|2
341175 70
357195 0
13224|1
551489 30
13227|1
549151 30
13232|1
150943 0
13251|1
452599 90
13252|2
322937 50
581899 0
13258|2
516973 90
166073 0
13261|2
331911 30
77833 0
13266|1
320630 0
13281|4
182800 0
511679 0
186228 70
197126 100
13285|1
131263 70
13297|1
166402 90
13301|4
172974 0
21486 0
49536 0
367785 0
13316|1
531386 80
13317|1
498795 90
13320|1
481274 90
13326|2
582591 90
595703 90
13332|2
195167 90
521729 90
13341|1
156752 0
13349|1
309077 0
13354|2
366663 62
213163 80
13359|4
135792 70
317114 90
367594 0
580720 0
13371|1
392726 90
13387|1
556298 80
13403|1
254070 0
13411|4
98675 50
263412 90
228140 70
401689 50
13413|1
393059 90
13414|2
561892 90
262752 90
13427|2
469547 90
332185 100
13428|2
283541 80
401720 90
13456|1
188149 90
13460|1
84243 0
13461|1
123601 80
13477|1
185095 90
13487|1
306988 30
13494|1
7409 70
13502|1
257310 0
13508|1
528144 0
13513|1
269414 90
13533|1
563449 0
13535|1
531386 80
13543|2
435892 90
541988 90
13551|1
148116 70
13570|1
464204 0
13574|1
32508 0
13583|2
232022 0
90959 0
13585|2
501885 100
182507 100
13586|3
42474 90
133677 90
604702 70
13604|1
139153 70
13605|2
269493 90
91093 90
13622|5
559297 50
562127 50
100470 50
488954 0
221643 70
13638|2
78266 70
81675 50
13640|9
486392 100
309873 50
550212 70
123177 90
493821 96
166563 0
37428 50
258350 70
559286 0
13644|3
573838 30
22997 100
132738 0
13669|2
424779 90
171274 50
13681|1
51896 90
13688|1
430148 70
13690|1
194460 70
13691|1
614243 90
13697|1
58540 0
13708|5
438607 100
558870 63
253983 85
338133 94
373124 100
13710|4
119578 0
419168 0
134566 0
498301 0
13714|1
428598 90
13716|5
294927 80
225188 70
577355 90
613 80
178947 70
13721|1
266172 0
13723|1
610590 90
13728|4
95210 30
337486 50
344701 30
96729 30
13730|2
569497 90
126214 0
13733|1
271556 50
13750|1
330857 90
13762|2
383051 0
384847 14
13769|1
213829 90
13773|1
175835 90
13774|1
420693 30
13777|1
416065 70
13779|2
522405 81
112329 66
13784|1
396570 30
13823|1
539137 0
13824|1
322289 30
13829|4
40915 0
374471 30
568922 70
282987 30
13844|4
50209 90
147073 90
130398 90
157164 0
13858|1
446374 90
13862|1
400058 0
13863|1
423102 90
13867|1
314067 90
13878|1
4653 90
13880|2
354307 80
185693 70
13888|1
461783 70
13896|1
26145 70
13902|1
324924 0
13908|8
474975 100
462879 90
236539 100
362968 90
348642 100
435643 100
201064 100
52351 0
13909|1
376275 100
13910|1
277328 90
13925|2
88860 0
546637 0
13930|1
132316 90
13931|1
199025 50
13939|2
465312 90
600528 100
13944|1
540749 30
13955|1
393059 80
13956|1
182140 90
13969|1
392685 0
13970|1
160239 50
13972|1
303578 50
13973|5
602548 0
339485 0
453252 0
49665 0
454589 0
13974|1
600770 80
13975|3
532544 100
542040 70
495713 90
13979|2
553664 50
238437 70
14007|1
192470 70
14012|1
290893 90
14013|1
521141 0
14020|1
173301 90
14021|1
241209 0
14025|1
146781 30
14026|4
417007 0
238109 0
282065 0
122762 0
14027|7
472581 0
349264 0
544884 0
575711 0
568401 44
428244 0
622134 0
14036|2
440284 64
532490 85
14037|1
257158 80
14038|2
431095 90
149616 90
14040|1
180171 90
14043|1
9101 50
14046|3
435665 0
87790 30
420735 0
14047|1
61720 30
14055|3
428598 90
499580 0
266388 90
14070|1
459622 70
14077|1
602155 96
14087|1
570408 30
14119|1
608376 50
14136|2
265525 90
67117 0
14137|1
40559 30
14139|1
280997 80
14153|1
471213 32
14158|3
139002 0
112642 90
616649 90
14169|1
112495 10
14189|1
422504 0
14192|1
338568 90
14193|1
140692 0
14195|1
439067 0
14200|3
73192 70
56236 0
250091 90
14201|1
14303 90
14209|1
400707 70
14211|2
211449 50
287825 0
14222|1
608376 90
14232|1
612840 50
14234|1
248699 90
14236|1
12438 90
14240|2
83947 90
270950 30
14244|1
93336 50
14276|1
177843 70
14282|2
277915 90
434828 70
14290|3
477728 50
400270 30
456129 50
14293|1
450855 100
14296|1
531899 90
14297|1
88858 80
14300|1
249902 90
14304|1
52326 90
14309|2
212024 0
239928 30
14317|16
521264 0
607911 70
267835 0
412088 50
573719 0
569146 90
418127 70
333891 90
487841 0
156024 0
170232 0
99739 65
621766 0
486137 0
559523 90
140943 0
14326|2
128024 30
200318 50
14337|1
250319 90
14347|1
289680 100
14348|2
439471 50
480563 70
14354|2
46484 90
58435 92
14375|1
123025 90
14377|2
275337 70
193332 50
14391|1
181286 0
14396|1
5980 50
14397|1
324045 90
14404|1
74803 50
14406|2
578913 70
9101 20
14418|1
259552 90
14428|1
616649 90
14433|1
111130 0
14440|1
457583 60
14446|2
448805 90
329948 90
14449|1
367955 30
14460|1
191129 90
14464|2
561731 0
308722 90
14472|1
123025 90
14481|1
34322 0
14487|3
453880 70
571467 0
62487 90
14493|1
259444 70
14506|2
604633 30
6298 30
14514|2
11735 70
29068 30
14519|1
283032 50
14520|1
169708 90
14546|1
617646 100
14549|1
71663 90
14556|2
515190 0
172139 0
14568|3
205234 30
329491 0
417953 0
14592|3
214552 70
105502 50
331794 50
14593|2
495955 0
438353 30
14602|1
147073 80
14610|1
270248 90
14616|1
543660 70
14618|2
580499 70
63760 90
14639|2
177720 50
63769 30
14646|3
459622 0
416606 0
193704 90
14651|1
184297 80
14655|1
305042 90
14663|1
88689 0
14668|1
48918 90
14680|1
110108 90
14684|1
117158 90
14714|1
523223 70
14719|2
596241 30
163584 60
14722|1
531310 100
14728|1
120443 80
14732|4
282592 0
334548 80
117384 0
387379 30
14740|1
243182 0
14747|3
623975 30
419398 70
478757 70
14749|1
283332 80
14750|1
537156 70
14751|1
212016 90
14757|2
434277 90
201626 90
14758|1
622325 90
14784|2
499487 50
22045 0
14791|1
66023 0
14798|1
9468 90
14804|1
138114 0
14807|2
101872 0
78219 90
14808|1
335599 30
14817|1
539291 0
14819|1
308695 90
14823|1
347177 70
14824|1
371949 90
14830|1
97526 100
14836|1
48098 0
14839|1
504528 70
14840|1
248791 90
14841|1
120443 0
14871|1
428105 0
14877|1
17863 80
14884|1
453953 40
14887|9
18813 0
85222 0
174249 0
394413 0
377973 0
113949 0
140652 0
307478 0
329803 0
14889|1
140494 30
14892|2
285412 100
410733 10
14893|1
211150 50
14903|2
260641 90
309855 50
14910|1
472068 0
14911|1
210226 90
14918|1
590869 0
14936|1
440749 90
14940|1
119236 100
14942|1
459888 90
14946|2
301333 0
438559 0
14947|4
527815 90
103291 90
105999 90
320786 70
14948|1
123601 80
14957|1
446978 85
14969|1
192496 0
14970|1
503258 90
14972|1
275044 50
14980|1
367821 0
14987|1
248313 90
14988|1
53800 90
14989|2
296143 0
138280 0
14997|1
287211 0
15007|1
298922 90
15016|1
142769 0
15017|2
169623 90
467178 100
15027|1
566879 0
15043|1
503785 90
15049|2
293379 80
126499 0
15054|1
130874 70
15067|1
461814 0
15074|4
205122 0
302088 30
57203 50
251947 0
15075|1
351571 70
15078|1
93982 90
15079|2
484576 70
149409 0
15088|1
169540 90
15097|1
219179 90
15110|1
377211 50
15112|1
412390 90
15118|2
329595 0
406769 0
15120|1
501437 90
15122|12
228104 50
346103 70
207612 0
228518 70
148360 30
432968 30
340699 50
597724 50
216186 72
82198 47
41769 50
450816 70
15128|2
539684 0
454914 0
15131|1
160267 0
15132|2
169470 0
250030 0
15137|1
574204 90
15143|7
509101 100
246957 0
570600 100
394632 100
141035 0
333483 90
73781 100
15163|2
252902 50
155849 0
15166|1
338352 0
15172|1
260820 70
15206|1
70484 0
15210|1
504185 100
15213|10
302889 60
10078 50
251509 59
409973 30
258823 10
162612 70
76301 30
586277 60
610919 58
190494 10
15220|1
225168 30
15225|2
433533 0
586838 0
15231|2
294445 0
112088 90
15235|1
315452 0
15239|2
296639 90
367988 30
15241|1
436570 93
15242|1
370449 90
15250|1
4884 90
15252|3
490600 0
575223 50
18767 70
15267|2
534068 0
363052 0
15270|2
328372 90
611570 90
15280|1
204845 0
15282|1
442654 70
15289|2
180932 100
279068 100
15291|1
563776 30
15294|1
609809 100
15295|1
4926 50
15303|1
436526 30
15308|1
112273 90
15312|1
513660 0
15328|1
620109 64
15331|1
607829 100
15335|1
428105 90
15341|1
535411 100
15368|2
530525 100
594195 100
15369|2
313967 90
17405 90
15376|1
506443 0
15393|1
416992 90
15399|1
569455 90
15403|7
267147 50
569772 0
151101 0
13238 0
622469 70
43822 50
515550 0
15407|1
492607 90
15424|1
375030 90
15427|1
275261 90
15432|1
573840 0
15434|1
9101 0
15450|2
343102 70
315452 0
15451|1
196852 90
15453|2
28831 70
577731 90
15472|1
375693 30
15483|1
56437 90
15485|1
403014 100
15486|1
467157 0
15487|2
453488 30
273213 90
15504|4
56664 0
350902 30
534674 0
607880 0
15517|1
367931 30
15519|1
528308 90
15525|2
449551 0
10620 30
15526|1
600969 30
15527|1
423102 90
15532|1
179785 0
15566|1
322777 90
15568|1
40837 90
15582|1
191809 0
15583|1
569179 0
15584|1
290656 90
15586|1
144592 80
15590|1
457583 90
15591|1
131095 70
15593|2
480818 0
308934 50
15602|1
484950 90
15604|1
617399 0
15608|1
600535 92
15614|1
234288 80
15619|1
327425 90
15627|1
369505 70
15651|1
607883 0
15654|9
2869 0
286575 0
608145 0
320631 90
517773 0
563448 0
498219 0
385945 0
461728 0
15669|1
419336 100
15674|1
363472 100
15687|2
16032 100
466578 100
15689|1
16021 0
15701|1
165622 30
15710|4
524541 90
287242 50
311856 70
337628 50
15715|1
21605 0
15716|1
98213 50
15725|1
190762 30
15741|1
431874 50
15745|1
395080 50
15749|1
310310 0
15752|2
558154 0
484389 90
15773|1
193069 0
15783|2
306057 0
351075 0
15794|3
32953 0
57141 30
566020 50
15797|1
472522 30
15813|1
70702 90
15826|1
259143 0
15828|1
511084 90
15830|1
456606 90
15838|1
186040 30
15843|1
283332 80
15850|1
620614 70
15854|1
618241 90
15864|3
287484 0
101872 50
293409 0
15878|2
177910 0
491182 30
15893|1
175403 30
15897|1
276553 30
15900|1
400707 70
15903|1
310729 90
15915|1
444960 30
15917|1
267846 90
15919|1
60117 90
15926|2
138122 90
274095 90
15927|15
74690 100
67647 0
584855 0
281452 0
108115 0
372480 0
124511 0
193502 0
338543 90
593480 0
300663 100
84178 0
25358 0
253545 0
256896 0
15933|5
67580 90
144549 50
286327 70
80461 70
284485 30
15937|1
155219 0
15939|1
215423 90
15940|5
333279 40
552855 90
57441 20
525768 70
157535 10
15957|1
516738 90
15965|1
616068 70
15981|1
140753 90
15986|2
341385 30
375876 30
15987|5
337298 0
621213 0
71705 0
612920 0
558424 0
15991|1
117924 90
15993|1
375693 90
16004|1
483793 50
16018|1
110697 90
16022|1
426319 70
16023|1
498795 50
16037|2
617539 0
276553 60
16040|1
619724 100
16050|1
555913 50
16052|2
145778 50
475907 0
16054|1
119384 90
16062|3
16005 90
210226 90
327229 90
16064|1
31303 90
16065|1
623998 90
16070|1
488761 90
16073|1
433773 0
16079|3
1249 0
6539 0
250270 90
16087|3
276535 90
500167 70
330106 0
16088|1
430190 0
16090|1
609785 0
16096|5
172493 30
423834 100
259547 100
386993 30
492607 90
16101|1
308934 0
16107|2
507325 30
532569 90
16124|2
207030 0
4653 90
16130|1
119236 90
16138|1
478414 70
16141|11
537182 30
367986 30
215423 30
513798 0
213834 0
241698 0
141827 30
615035 0
65817 0
451818 0
224275 30
16144|4
284412 90
164750 50
526230 50
484170 90
16146|1
410606 90
16172|1
67566 50
16199|1
511516 90
16206|2
471255 70
228988 90
16209|1
111280 80
16210|2
206744 70
407518 70
16218|1
434929 100
16240|1
574204 90
16255|1
478832 100
16281|2
553559 90
491118 90
16283|1
84102 90
16312|1
431048 70
16315|2
125406 90
401580 90
16323|1
329093 0
16328|2
210519 70
394240 0
16340|2
149642 30
612101 0
16341|4
67274 0
68654 0
508876 0
191640 0
16354|1
572468 30
16358|2
136802 100
462099 90
16379|2
13886 95
353113 95
16381|1
287823 90
16383|1
595739 0
16392|1
257158 80
16403|1
378073 80
16404|1
361705 30
16421|1
547507 70
16427|1
310714 50
16437|1
398338 0
16439|3
7409 0
568254 50
435158 0
16465|1
123025 90
16478|2
298117 90
523223 80
16502|1
256579 90
16510|1
92538 90
16524|1
607463 90
16526|1
525739 90
16527|4
102650 50
55098 70
615958 30
246678 70
16528|1
567759 90
16546|1
606621 100
16549|3
118840 30
231453 50
431071 70
16551|2
569774 50
457331 90
16558|6
63831 70
181539 100
209888 100
186088 30
457896 100
282576 100
16564|2
179746 0
509188 0
16577|1
354977 30
16586|1
331954 90
16592|1
507237 30
16594|1
475668 90
16602|1
452138 30
16608|1
532117 0
16610|1
553329 70
16634|1
410504 0
16643|1
454436 90
16648|1
113017 90
16655|2
516368 86
406596 0
16661|1
1307 78
16671|1
478832 0
16690|5
236013 90
556041 85
20285 50
59394 92
572996 78
16702|1
68600 70
16709|1
72137 0
16717|2
291304 0
41517 30
16728|2
621169 50
104582 30
16735|1
285253 90
16750|3
457235 0
338042 0
204064 0
16751|1
123025 90
16753|2
178178 70
460065 90
16754|1
607423 90
16756|1
526657 0
16765|5
206744 0
428849 90
178909 50
75709 0
229089 70
16783|1
235273 90
16784|1
260142 70
16785|1
36870 80
16787|1
112725 80
16804|1
68958 30
16810|1
257158 0
16812|1
112470 0
16815|1
618458 90
16825|1
464845 0
16840|1
175835 90
16860|2
116618 90
249495 30
16861|2
621127 0
234870 25
16865|1
310379 50
16866|1
354197 90
16869|1
140538 50
16871|2
589321 30
134620 90
16874|1
563070 90
16888|1
182140 90
16896|4
305935 0
530082 0
93482 30
514000 50
16912|1
150338 90
16915|1
187943 80
16918|1
149616 90
16925|1
163964 90
16928|1
298958 0
16930|1
228988 90
16931|3
237284 90
215564 90
119752 0
16940|1
460669 0
16941|9
470864 0
67528 30
300894 50
23787 70
482244 70
324263 0
60514 70
75831 50
533723 90
16942|6
566023 50
219457 90
444585 0
27145 0
107080 90
15193 0
16970|1
290739 70
16973|1
446776 100
16995|1
375781 0
16998|1
147073 0
16999|1
304287 90
17010|1
210226 90
17017|1
175835 90
17018|1
46782 0
17045|1
78335 50
17054|2
106652 30
119525 0
17064|1
172213 0
17075|1
120239 0
17076|1
247563 100
17083|1
370371 80
17096|1
307244 50
17101|3
214225 70
601139 0
487586 70
17102|1
58348 90
17116|1
512490 90
17122|3
590970 90
28621 90
282000 90
17123|2
4119 0
526110 90
17124|1
294991 90
17128|1
306460 70
17130|1
316249 90
17132|1
269414 90
17136|1
398046 90
17137|1
499437 90
17141|1
523223 80
17151|1
392726 90
17157|1
451445 0
17163|2
37926 80
585390 0
17166|1
531386 90
17180|1
176867 85
17191|2
485869 50
530082 0
17211|2
345285 100
98585 100
17212|1
414892 0
17214|1
339969 90
17215|1
327995 30
17216|1
94151 90
17222|1
173705 0
17226|1
396570 0
17229|2
516786 90
623975 0
17232|1
131822 0
17242|1
578821 90
17243|2
37396 70
171674 70
17245|1
610529 37
17248|1
131263 90
17249|1
288999 90
17255|3
331349 30
528642 0
526050 0
17271|1
567726 90
17283|1
464920 90
17288|2
84607 70
340873 30
17294|1
462237 30
17300|1
111057 0
17302|1
186958 0
17307|1
248089 90
17320|1
486452 50
17321|6
320999 100
32003 30
319917 100
561802 80
492590 50
556740 10
17323|1
602478 50
17331|1
193146 50
17335|1
238075 90
17344|2
158948 90
402687 90
17347|1
144592 30
17353|1
121743 90
17377|2
315457 0
159688 30
17381|1
474057 0
17409|1
346638 80
17428|1
117043 90
17430|1
55930 30
17435|2
429061 70
386840 70
17447|1
556298 80
17470|1
408176 90
17486|1
261633 90
17490|1
479921 30
17503|2
40004 90
43180 90
17509|1
598112 50
17512|2
465219 0
490631 0
17518|3
293815 40
611570 80
184977 70
17519|1
442501 0
17531|1
37438 70
17533|2
592326 0
127868 90
17538|2
232168 0
199751 50
17561|1
62810 70
17575|1
196941 80
17584|1
586703 100
17593|1
225788 0
17600|1
117384 0
17601|1
569455 90
17602|1
517526 90
17603|2
123406 90
48105 90
17606|1
600723 90
17610|1
443816 0
17613|2
349532 0
507696 90
17614|1
532569 0
17617|1
552644 50
17630|1
395440 20
17642|1
447055 90
17648|1
101093 90
17653|1
161920 78
17660|1
430077 0
17664|7
129823 0
396294 0
574574 0
534036 0
206847 0
26005 0
310412 90
17695|1
175835 90
17700|1
521697 90
17711|1
520990 90
17716|1
604347 90
17722|1
613227 30
17741|2
295570 100
446450 0
17753|1
463100 90
17755|1
249495 70
17759|1
373186 90
17782|1
158506 90
17783|2
364859 90
216505 0
17796|1
416800 40
17797|1
23521 90
17811|1
293167 70
17817|1
607946 90
17827|3
315804 70
580119 70
397620 50
17831|1
430190 0
17834|1
436056 30
17861|2
609032 0
256085 0
17871|1
608376 70
17876|1
572736 50
17891|1
154265 0
17914|1
600770 80
17915|2
605133 90
556458 90
17920|1
268230 70
17927|1
579835 90
17946|1
260904 90
17947|1
300733 100
17948|1
546722 70
17949|1
248511 0
17963|1
113017 90
17985|1
379633 90
17997|1
413576 90
17999|2
355586 0
12536 90
18006|1
168168 50
18018|1
181786 0
18034|13
331338 0
238290 50
222054 90
291614 50
14619 90
619449 0
374762 70
12283 0
36730 90
92561 0
72533 50
585435 90
612793 70
18038|1
265889 90
18043|1
276808 90
18062|2
1090 30
50859 30
18072|1
57678 0
18073|2
520831 0
190969 0
18083|2
512757 0
108143 0
18088|4
365879 30
522356 50
52981 90
607195 70
18094|2
383370 0
102306 0
18095|4
272927 50
345053 50
20350 50
376807 30
18106|1
224508 90
18112|1
194164 90
18118|1
71616 70
18126|1
224051 90
18132|2
73710 30
341069 50
18140|1
579448 70
18144|2
467254 0
564666 0
18145|2
436120 30
146164 90
18148|1
205234 90
18161|1
4643 50
18168|1
137974 0
18169|2
607946 70
496970 90
18187|9
440736 0
462005 0
461825 0
555376 0
7348 0
598974 0
144257 0
617727 0
330877 0
18190|1
454436 0
18204|3
370373 100
352045 100
426754 0
18205|1
530185 90
18216|1
289680 90
18222|3
102220 30
525493 0
122264 30
18223|1
396639 0
18228|1
353468 30
18229|1
38736 90
18260|1
228104 0
18263|3
34656 30
105594 50
343115 70
18265|4
588944 30
49103 0
144195 0
58940 0
18269|1
592564 70
18273|2
480647 0
418860 50
18286|1
589526 0
18291|1
138466 70
18295|1
448805 50
18300|2
455219 0
467869 50
18302|1
412162 0
18311|1
98718 90
18315|1
124187 90
18350|1
245719 0
18366|1
586416 30
18368|1
219179 90
18370|2
22699 90
70905 90
18378|1
532569 90
18379|4
578481 50
521380 0
554538 50
35096 50
18380|1
256865 90
18387|1
111280 80
18405|1
515535 0
18420|1
40476 90
18427|3
457165 0
48823 0
438160 0
18429|2
389259 90
37642 0
18432|1
297062 0
18434|1
547646 0
18435|3
422687 0
547375 0
404131 0
18438|1
551757 90
18441|12
222363 0
296329 90
32254 90
278492 70
550078 0
430936 0
116129 90
394806 0
269187 90
132018 90
78256 50
240896 0
18442|2
192496 90
304287 90
18461|1
461439 30
18464|2
337946 0
252459 0
18480|4
613227 0
82890 90
455827 0
374070 0
18486|1
225687 50
18488|1
151449 0
18508|1
270248 90
18512|1
456104 90
18524|7
492607 0
130183 0
617497 0
476850 0
419438 0
237980 0
143696 0
18528|1
295106 90
18530|1
208690 50
18537|1
28313 0
18544|2
510501 100
282581 100
18557|1
425002 90
18560|2
48851 50
595654 30
18562|6
215142 0
144046 0
61448 80
351673 0
226545 100
26564 30
18565|1
85012 80
18566|1
443051 100
18573|1
46535 100
18586|1
41061 0
18597|1
238220 0
18606|1
554577 0
18607|1
219179 0
18614|2
496448 0
545707 87
18629|2
342671 50
613482 90
18633|1
123271 0
18639|1
239581 50
18645|1
319294 90
18648|7
609551 0
349388 90
303835 30
409036 90
87553 30
601825 0
555248 0
18659|5
173301 0
465523 70
513664 0
26985 50
233300 0
18660|1
298318 50
18666|4
428281 90
347410 70
618565 90
337877 70
18670|1
238984 0
18671|1
367247 0
18678|15
293800 80
74856 70
530922 50
85155 50
73468 70
489184 90
156042 90
577019 70
520389 70
578432 60
475333 10
44035 30
300733 50
44419 100
505762 70
18685|2
386887 30
454276 30
18687|2
123025 30
37082 90
18690|1
339336 0
18694|4
71882 100
224400 100
596683 100
317556 50
18699|1
313039 50
18714|1
100920 0
18716|4
364548 0
123679 70
210226 30
346437 0
18725|1
332009 50
18730|1
467777 90
18742|1
270248 90
18761|1
88858 80
18766|1
182140 90
18770|1
498126 0
18781|1
17863 80
18789|1
322418 0
18790|4
479946 70
342179 90
330296 30
121743 0
18795|1
561892 90
18798|1
179785 30
18815|1
482010 90
18828|1
136867 90
18830|1
262452 90
18832|2
600265 30
593628 50
18833|1
389743 90
18854|1
136926 60
18855|4
343047 0
46484 70
596155 0
99721 0
18857|1
450814 70
18860|1
48646 50
18869|1
591590 90
18872|1
609157 70
18880|3
520338 90
62753 50
343775 90
18882|1
509752 90
18890|1
326264 90
18891|4
238244 0
97426 0
118525 0
173461 0
18901|2
352431 50
74262 0
18904|2
265758 0
598701 90
18907|1
552557 0
18912|2
489182 30
23135 50
18922|2
147742 100
563776 100
18968|1
550929 90
18978|4
475997 0
364683 0
15859 0
290931 0
18980|1
392512 90
18987|1
131095 70
18994|1
509697 80
19002|1
557392 0
19019|2
479921 0
601590 0
19026|1
484599 90
19031|1
144650 50
19034|1
411492 100
19038|1
499608 90
19039|1
422109 70
19042|4
487441 0
559504 0
503258 90
67628 0
19058|2
585160 50
199467 90
19073|1
260820 90
19084|1
186645 30
19086|1
106915 70
19087|1
61993 90
19088|1
373705 0
19089|1
184701 0
19094|1
346512 87
19106|2
126214 0
364173 30
19109|1
388177 90
19113|1
592489 70
19119|1
502068 0
19130|1
40813 90
19131|2
241742 50
608255 90
19132|2
313299 90
241322 90
19133|4
45710 60
408380 80
238952 90
191507 90
19135|2
545792 0
357972 0
19149|1
434455 90
19153|1
210839 90
19155|1
43731 100
19158|9
7757 0
373685 0
472935 0
49082 0
431341 0
586768 0
152122 0
478367 0
223545 0
19159|1
189820 90
19163|1
586068 50
19166|1
234967 50
19168|1
590623 50
19169|3
307074 0
19092 30
259009 70
19183|1
529496 30
19185|1
551361 50
19194|2
347000 0
421461 0
19206|1
228988 100
19213|3
426215 0
410479 0
559597 0
19239|1
73729 90
19255|2
172853 90
461010 30
19267|1
60813 0
19270|2
32176 70
150732 70
19273|1
332358 50
19278|2
14220 0
264686 0
19282|3
428105 0
14371 30
38874 0
19293|2
406674 100
320425 90
19295|1
517718 90
19306|2
323460 30
376534 90
19322|4
607106 50
365126 50
500892 0
408095 30
19325|1
203238 100
19326|1
368515 90
19340|1
70638 70
19364|1
414614 90
19368|1
358898 30
19376|1
513353 0
19377|1
111743 85
19378|2
497792 90
28184 70
19395|1
458946 30
19399|1
85012 80
19408|1
21244 0
19413|1
423657 50
19423|1
184662 90
19432|2
308509 30
234288 90
19433|1
459520 90
19435|1
521255 90
19439|1
61720 90
19443|2
264793 100
117340 100
19461|1
152263 100
19466|1
144592 80
19480|2
88603 90
212016 0
19484|1
130428 74
19487|1
333100 50
19494|5
27267 70
600129 90
196235 90
468587 90
69572 90
19496|1
574204 90
19509|1
532569 90
19522|1
1383 70
19523|1
592592 50
19534|1
518352 50
19540|1
181079 90
19543|1
457359 30
19552|1
17863 80
19563|1
68694 0
19575|1
245730 32
19578|1
474822 0
19585|1
207618 0
19617|1
7876 90
19618|3
144628 0
8874 0
214184 0
19620|1
580473 70
19630|1
335706 90
19637|2
215533 0
135509 0
19641|3
612797 30
141639 0
617646 0
19646|2
135726 50
135304 0
19647|2
28291 90
131063 90
19648|1
175835 90
19652|7
325298 0
418420 0
551076 0
618660 0
552279 0
149084 0
114215 90
19672|1
1427 0
19680|2
271999 50
249518 0
19685|1
115129 0
19691|4
112374 90
565422 60
85271 63
517844 40
19697|6
86819 50
473727 90
21669 0
269273 70
353145 70
68651 70
19700|1
442077 0
19738|1
311739 70
19739|1
176512 90
19765|1
599933 70
19767|3
303423 0
210226 90
23245 0
19779|1
435599 0
19783|1
104248 90
19810|1
383201 0
19814|1
203238 0
19816|2
415229 90
66399 90
19822|1
422605 0
19826|3
110468 80
386407 70
252148 80
19828|2
186184 0
247527 0
19832|1
374893 100
